000042
000527
600740
603113
600297
600183
002463
002254
002212
600273
600131
002549
601857
600629
300326
002647
002449
002233
002030
603018
601313
600997
600759
600234
300523
300308
002815
002372
000717
000589
000066
600832
600810
600337
002356
002301
000776
000562
603086
600985
600792
600408
600262
300042
002761
002482
002442
002291
000961
000852
000820
000708
000056
000028
603828
603699
601985
601808
601238
600397
600335
600218
600082
300451
300383
300365
300357
300012
002916
002912
002612
002438
002321
002319
002278
002042
000951
000923
000024