000768 -----abc
10 -----
[[ 18.67013523  19.08166028  18.73486142  18.75838527]
 [ 18.80724059  17.9644763   18.74845488  18.31037605]
 [ 17.95945692  19.3263515   18.59190045  18.29443778]
 [ 19.36283164  19.55784215  19.36739163  19.42909831]
 [ 19.70783015  18.72990221  19.41486403  18.8179582 ]
 [ 18.32950757  18.64214507  18.65298471  18.20511112]
 [ 18.48636045  19.06670568  18.78830514  18.82105149]
 [ 19.30660121  19.8826374   19.75133185  19.25447067]
 [ 19.90970913  20.43626584  20.48268632  19.89617785]
 [ 20.922478    19.84404393  20.42764552  20.23888074]]
p:0.125106, buy:4, sell:8, prebuy:18.205111
p:0.125106, buy:4, sell:8, prebuy:18.205111
terminal buy failed buy:18.205111, open:19.130000, low:19.080000 xx0.045854 
one dev -----
(0, 0.10646387832699625, False)
20 -----
[[ 19.08279738  19.55896114  19.23179054  19.16693409]
 [ 19.26760736  18.43458231  19.25260451  18.72493972]
 [ 18.4677636   19.58932855  18.9796826   18.65893328]
 [ 19.54676     19.88690333  19.67396402  19.69016137]
 [ 20.04860778  19.08200317  19.74230679  19.17114185]
 [ 18.75982978  19.07620268  19.05993113  18.64277487]
 [ 18.93413121  19.58410388  19.33424975  19.27426607]
 [ 19.82574877  20.30255517  20.19445011  19.68062567]
 [ 20.34781566  20.97848809  20.95168379  20.35446422]
 [ 21.52094876  20.48225648  21.07018508  20.83971779]]
p:0.130206, buy:4, sell:9, prebuy:18.642775
p:0.130206, buy:4, sell:9, prebuy:18.642775
terminal buy failed buy:18.642775, open:19.850000, low:19.490000 xx0.043470 
one dev -----
(0, 0.1046511627906975, False)
30 -----
[[ 19.66053522  20.34499489  20.56212949  19.62707174]
 [ 20.37584881  19.11213091  20.14365424  19.55738462]
 [ 18.64536458  20.18093227  19.92219448  19.18505669]
 [ 20.27606192  20.18084309  20.40491117  20.28345969]
 [ 20.05984089  19.25159632  20.13490214  19.74825818]
 [ 18.73639557  19.11343272  19.26134888  18.77924119]
 [ 19.11063563  19.89495326  19.61357999  18.9768109 ]
 [ 20.15702329  20.61363693  20.38670781  20.76228302]
 [ 20.64738762  21.07088232  20.71071122  21.16908102]
 [ 21.51655966  20.65338286  21.3992589   21.1594543 ]]
p:0.139517, buy:4, sell:9, prebuy:18.779241
p:0.139517, buy:4, sell:9, prebuy:18.779241
terminal buy failed buy:18.779241, open:19.280000, low:19.220000 xx0.022932 
(0, 0.053571428571428423, False)
40 -----
[[ 19.23407634  19.65367473  19.37134449  19.271783  ]
 [ 19.44837757  19.00097031  19.68867172  19.00674561]
 [ 18.90306671  20.30563465  19.52077042  19.39941491]
 [ 20.56064622  20.74634034  20.69816832  20.41267872]
 [ 20.7008011   20.04456724  20.70739935  20.04202572]
 [ 19.81681565  19.99111435  19.98915496  19.54541645]
 [ 19.8619216   20.58981066  20.35999135  20.23633559]
 [ 20.78726214  21.22701696  21.22110391  20.59178939]
 [ 21.2977481   21.94060645  21.97463556  21.18524971]
 [ 22.5165459   21.47754638  22.23884572  21.69378423]]
p:0.170050, buy:1, sell:9, prebuy:19.006746
p:0.170050, buy:1, sell:9, prebuy:19.006746
up 21.875952  down 18.981909
un caught at: 1
up 21.513058  down 18.991023
up 21.150164  down 19.000141
terminal series in at : e=0.153708, i=3 , t=19.350000
loss day   2    
start 18.972800, end 19.350000
(0.019881092933041088, 0.011898568083908139, True)
[ 0.06485321  0.04606055  0.09460607  0.15370838  0.16996494  0.20141515
  0.24792703  0.3005244   0.35946099  0.42969477]
[ 0.0334563   0.08716293  0.12316045  0.12827493  0.12481814  0.12001123
  0.12713801  0.15686077  0.1926266   0.21800574]
50 -----
[[ 19.34553295  20.00687751  19.54927783  19.62066778]
 [ 19.81952527  18.90121277  19.8345095   19.17874025]
 [ 18.82497224  20.25506181  19.40379444  19.2109168 ]
 [ 20.32362137  20.83500957  20.66324902  20.47240832]
 [ 21.08061831  19.67084554  20.45616668  19.88529103]
 [ 19.0292028   19.59734232  19.55326233  19.13167236]
 [ 19.51725428  20.25549058  19.99827446  19.84798541]
 [ 20.48123844  21.08552238  20.85638333  20.37665826]
 [ 21.17463817  21.89870169  21.87594407  21.1677266 ]
 [ 22.63735878  21.26354112  22.01218491  21.65608222]]
p:0.150563, buy:4, sell:9, prebuy:19.131672
p:0.150563, buy:0, sell:9, prebuy:19.131672
mse out terminal at : e=0.241512, i=0
start 18.688600, end 18.200000
(-0.026144280470447315, 0.093826175563509875, True)
[ 0.24151219  0.24850113  0.27394121  0.3482286   0.40902642  0.38697274
  0.39224025  0.41449115  0.43549339  0.4906145 ]
[ 0.06485321  0.04606055  0.09460607  0.15370838  0.16996494  0.20141515
  0.24792703  0.3005244   0.35946099  0.42969477]
60 -----
[[ 17.84799581  18.37153358  17.91640353  17.98069585]
 [ 18.14380143  17.46757657  18.15520281  17.74536082]
 [ 17.49942128  18.78871162  18.00323896  17.74615424]
 [ 18.89914764  19.18392766  19.06093785  18.99008155]
 [ 19.34326997  18.25910375  19.00718607  18.40953094]
 [ 17.79359746  18.13719731  18.12209303  17.67086381]
 [ 17.99765958  18.58561329  18.38223206  18.29680518]
 [ 18.78898356  19.24587724  19.17255033  18.60306727]
 [ 19.26027404  19.81471858  19.92937697  19.2093423 ]
 [ 20.38944667  19.05789104  19.81627371  19.44488395]]
p:0.127810, buy:4, sell:8, prebuy:17.670864
p:0.127810, buy:4, sell:8, prebuy:17.670864
terminal buy failed buy:17.670864, open:18.890000, low:18.560000 xx0.047906 
(0, 0.058724832214765141, False)
70 -----
[[ 18.77222292  19.10479417  18.88740099  18.83079741]
 [ 18.86517936  17.89871747  18.81005758  18.13800753]
 [ 17.76763655  18.9414865   18.2719478   18.09471997]
 [ 19.03694954  19.17833632  19.21284898  18.95966666]
 [ 19.26852038  18.515788    19.06242284  18.46972973]
 [ 18.15618033  18.37220079  18.444299    18.00785116]
 [ 18.2102846   18.81116841  18.6521022   18.51480652]
 [ 18.9978609   19.48809716  19.3921592   18.89436395]
 [ 19.5669668   20.03803721  20.11967736  19.45478896]
 [ 20.54023173  19.47547156  20.0810642   19.76813338]]
p:0.117273, buy:4, sell:8, prebuy:18.007851
p:0.117273, buy:3, sell:8, prebuy:18.007851
terminal buy failed buy:17.787000, open:18.150000, low:17.900000 xx0.006313 
(0, 0.083636363636363578, False)
80 -----
[[ 17.87509343  18.3752256   18.02506332  18.04416   ]
 [ 18.13661093  17.45338982  18.19339241  17.60921625]
 [ 17.44916642  18.75158446  17.92449805  17.8620976 ]
 [ 18.79465023  18.94426419  18.92343523  18.75003248]
 [ 18.9941217   18.22358637  18.82620021  18.22750073]
 [ 17.93786368  17.90619133  17.98885595  17.54890905]
 [ 17.64176219  18.39121326  18.13721929  18.10281284]
 [ 18.66408778  19.24180015  18.98449291  18.57904972]
 [ 19.2802722   19.63335771  19.71966659  19.06361502]
 [ 20.13701611  18.96652131  19.69816488  19.30016137]]
p:0.123698, buy:4, sell:8, prebuy:17.548909
p:0.123698, buy:0, sell:8, prebuy:17.548909
mse out terminal at : e=0.279772, i=0
start 16.826600, end 17.030000
(0.012088003518238886, 0.071548360118124696, True)
[ 0.27977193  0.23558433  0.23678345  0.27009468  0.29329731  0.29236181
  0.29616299  0.32257177  0.35049135  0.39036869]
[ 0.10981223  0.09489568  0.13329584  0.16151607  0.20227656  0.22795897
  0.25596832  0.28922801  0.32796728  0.38947945]
90 -----
[[ 17.00113572  17.28482791  17.1605481   16.91765178]
 [ 16.96919345  16.13447076  17.03919982  16.31128904]
 [ 16.10690042  17.13246247  16.64471917  16.23820972]
 [ 17.05900576  17.20094395  17.22625469  16.92389209]
 [ 17.30364284  16.31041781  17.07289039  16.32954174]
 [ 15.93667425  16.05027346  16.24019136  15.65959751]
 [ 15.85713096  16.3375448   16.26227338  16.02084194]
 [ 16.45449442  16.84598004  16.89332474  16.23185658]
 [ 16.77162762  17.29241575  17.40109154  16.66068814]
 [ 17.74140038  16.70413345  17.40798118  16.93576352]]
p:0.111649, buy:4, sell:9, prebuy:15.659598
p:0.111649, buy:4, sell:9, prebuy:15.659598
terminal buy failed buy:15.659598, open:17.340000, low:17.190000 xx0.089029 
(0, 0.083535108958837714, False)
100 -----
[[ 17.30910762  17.50960393  17.41312789  17.24368463]
 [ 17.25500863  16.38845395  17.25253019  16.5812975 ]
 [ 16.33259638  17.46376723  16.90238929  16.58691201]
 [ 17.46852069  17.67062809  17.69608617  17.35348333]
 [ 17.76335341  16.88933218  17.51614641  16.94452822]
 [ 16.59784294  16.86498998  16.97400821  16.32724748]
 [ 16.63805996  17.26416334  17.14346759  16.86438362]
 [ 17.47707849  17.87346322  17.8686884   17.31195199]
 [ 17.9162242   18.33494255  18.46789524  17.76125041]
 [ 18.78254552  17.83289851  18.38428321  18.13326645]]
p:0.131109, buy:4, sell:8, prebuy:16.327247
p:0.131109, buy:4, sell:8, prebuy:16.327247
terminal buy failed buy:16.327247, open:17.450000, low:17.290000 xx0.055683 
(0, 0.092615012106537595, False)
110 -----
[[ 17.43565761  17.76614024  18.22859291  17.33070113]
 [ 17.63316607  16.51654072  17.49384736  16.70213832]
 [ 16.08678078  17.31345626  17.25405585  16.56690727]
 [ 17.36643479  17.43517676  17.84794911  17.24252269]
 [ 17.33948162  16.37122163  17.22828712  16.82159306]
 [ 15.88262749  16.13835424  16.5384787   15.78173232]
 [ 16.13858271  16.79405939  16.65061444  15.88276521]
 [ 16.83089854  17.26959996  17.14288173  17.38019998]
 [ 17.20228944  17.6501661   17.39617787  17.64926864]
 [ 18.07062055  17.0873937   17.84695801  17.66618024]]
p:0.130862, buy:4, sell:9, prebuy:15.781732
p:0.130862, buy:4, sell:9, prebuy:15.781732
terminal buy failed buy:15.781732, open:17.560000, low:17.450000 xx0.095603 
(0, 0.0777262180974478, False)
120 -----
[[ 17.52261932  17.89378364  17.63666399  17.64171218]
 [ 17.68169839  16.83191103  17.66039487  17.09247207]
 [ 16.77364644  18.10870672  17.36549979  17.12674665]
 [ 18.22038835  18.58528189  18.4187647   18.25978825]
 [ 18.72675932  17.83781958  18.5633208   17.92241517]
 [ 17.4548156   17.878339    17.78999719  17.33158252]
 [ 17.78212711  18.43315564  18.25787414  18.10445998]
 [ 18.61440223  19.1638846   19.07438353  18.48708721]
 [ 19.18148637  19.84344038  19.85287177  19.16847081]
 [ 20.41241454  19.24902812  19.98041041  19.5840487 ]]
p:0.168960, buy:1, sell:9, prebuy:17.092472
p:0.168960, buy:1, sell:9, prebuy:17.092472
terminal buy failed buy:17.092472, open:18.070000, low:18.000000 xx0.050418 
(0, 0.043820224719100985, False)
130 -----
[[ 18.2230041   18.67720765  18.4210182   18.2743587 ]
 [ 18.432585    17.70013741  18.55773045  17.88351198]
 [ 17.74640457  19.01839068  18.33597976  18.02132648]
 [ 19.03962755  19.41461265  19.38115693  19.02252674]
 [ 19.50178742  18.67395925  19.36036138  18.71598314]
 [ 18.49534101  18.97103578  18.96758755  18.25517208]
 [ 18.74786326  19.50883503  19.35816422  19.11278273]
 [ 19.79739363  20.32510541  20.38345634  19.53053773]
 [ 20.34013978  20.87240215  21.08683335  20.1412859 ]
 [ 21.36699113  20.39799971  21.12469562  20.5625979 ]]
p:0.181239, buy:1, sell:9, prebuy:17.883512
p:0.181239, buy:0, sell:9, prebuy:17.883512
mse out terminal at : e=0.262306, i=0
start 17.493000, end 16.890000
(-0.03, 0.067656903765690307, True)
[ 0.26230647  0.27078279  0.29945039  0.35990861  0.39812984  0.41337571
  0.43061511  0.47269461  0.52179778  0.57209435]
[ 0.08951163  0.13433698  0.18947249  0.1725989   0.15852322  0.16494292
  0.19224934  0.23362115  0.27543853  0.34290436]
140 -----
[[ 16.89833858  17.39128851  16.97831741  17.05566261]
 [ 17.214846    16.57817753  17.26330322  16.69635568]
 [ 16.5351776   18.00807705  17.08151308  17.01615953]
 [ 18.08771366  18.26018772  18.28688791  18.00351036]
 [ 18.34166651  17.56441796  18.07414827  17.53551678]
 [ 17.2482246   17.51754227  17.51702639  17.05448523]
 [ 17.30996942  17.98253782  17.72063913  17.62503669]
 [ 18.18648548  18.8172988   18.62893683  18.07914319]
 [ 18.86969341  19.40774609  19.43390331  18.7240556 ]
 [ 19.94476242  18.87134512  19.53493227  19.10044416]]
p:0.170012, buy:1, sell:9, prebuy:16.696356
p:0.170012, buy:1, sell:9, prebuy:16.696356
terminal buy failed buy:16.696356, open:17.050000, low:17.050000 xx0.020742 
(0, 0.031491384432560977, False)
150 -----
[[ 17.0549824   17.57521348  17.1402853   17.18152172]
 [ 17.26165595  16.54211443  17.2972222   16.82119806]
 [ 16.61294953  17.74981972  17.03654683  16.75640424]
 [ 17.6874673   18.20661055  17.89511649  17.84733258]
 [ 18.37330631  17.21581369  18.04468472  17.41050669]
 [ 16.80425013  17.29130174  17.16515896  16.71245428]
 [ 17.13788842  17.81694282  17.53916245  17.47355501]
 [ 18.06972997  18.52583684  18.46710176  17.87043794]
 [ 18.52988965  19.13163649  19.18746385  18.46715302]
 [ 19.64409381  18.4559953   19.13803846  18.78505266]]
p:0.148094, buy:4, sell:8, prebuy:16.712454
p:0.148094, buy:4, sell:8, prebuy:16.712454
up 17.864932  down 16.574192
un caught at: 4
mse out terminal at : e=0.208738, i=5
loss day   1    
start 16.542400, end 15.670000
(-0.03, 0.085226824457593678, True)
[ 0.07182819  0.05732302  0.08814254  0.13428869  0.18048446  0.20873835
  0.26675482  0.33463654  0.38810561  0.46177935]
[ 0.06528807  0.06781545  0.11706536  0.15219985  0.174831    0.17027264
  0.1855118   0.22372564  0.26425381  0.33101486]
160 -----
[[ 16.82433782  17.31607845  16.91972813  16.91051221]
 [ 17.04098548  16.34419962  17.02439376  16.56846513]
 [ 16.37148048  17.51823852  16.7592942   16.56601086]
 [ 17.51732638  17.96510839  17.74536162  17.68918696]
 [ 18.13355646  17.11747805  17.72655752  17.15392011]
 [ 16.74149201  17.10580633  16.98364027  16.57875826]
 [ 16.97653104  17.6489599   17.33207125  17.2895573 ]
 [ 17.85127872  18.344782    18.17889456  17.6804045 ]
 [ 18.37263324  18.98605371  18.93168346  18.33949729]
 [ 19.51175649  18.46868478  18.98913164  18.73426131]]
p:0.146271, buy:2, sell:9, prebuy:16.566011
p:0.146271, buy:0, sell:9, prebuy:16.566011
mse out terminal at : e=0.304478, i=0
start 15.905400, end 15.680000
one dev -----
(-0.014171287738755423, 0.12922717202540895, True)
[ 0.3044776   0.30864649  0.35664697  0.40565101  0.43930996  0.42678087
  0.43221515  0.44895171  0.46379075  0.51784199]
[ 0.07182819  0.05732302  0.08814254  0.13428869  0.18048446  0.20873835
  0.26675482  0.33463654  0.38810561  0.46177935]
170 -----
[[ 15.65639991  16.05971111  15.71300741  15.71937531]
 [ 15.7593544   14.96640983  15.67789087  15.22598709]
 [ 14.92212802  16.21674064  15.47573213  15.18237461]
 [ 16.24585414  16.2711121   16.25729179  16.12012158]
 [ 16.35276775  15.50316189  16.09717687  15.50295426]
 [ 15.11303983  15.34080653  15.33848592  14.8933426 ]
 [ 15.11319373  15.67214269  15.43489539  15.37595191]
 [ 15.84616259  16.27602614  16.22599492  15.63578186]
 [ 16.27730361  16.78245677  16.82436066  16.12110993]
 [ 17.2644661   16.23030621  16.85474171  16.47278327]]
p:0.131696, buy:4, sell:9, prebuy:14.893343
p:0.131696, buy:4, sell:9, prebuy:14.893343
terminal buy failed buy:14.893343, open:16.420000, low:16.020000 xx0.070328 
(0, 0.079567154678548691, False)
abc sum: -0.068346, count:6, avg:-0.011391, rate:0.333333
abc final sum:-0.068346, count: 6, avg: -0.011391
